863917
810322
819658
763567
897985
885584
961787
889226
873890
952832
975253
1027308
1011246
969858
1132727
1122557
1115034
1153730
1216121
1259588
1248334
1257740
1325672
1461518
1413437
1583367
1520363
1546937
1718806
1737074
1855558
1858179
1999176
2176638
2272617
2323323
2441915
2590702
2688537
2851040
2977863
3144662
3303951
3417392
3631498
3861786
3942804
4157773
4352558
4332552
4562777
4669417
4726330
4964441
4980217
5213258
5293720
5564115
5523773
5861995
5781756
6030929
5864652
5955737
5826854
5940065
5964688
5930159
6003200
5930308
5889515
6007199
5895322
6020283
5910350
5966050
5956773
5924963
5986135
5945470
6143399
5997520
6110046
6012976
6160248
6076658
6204267
6091440
6224643
6106230
6055367
6143029
6064219
6165812
6097689
6248778
6135122
6282096
6159394
6166556
6207269
6248046
6230445
6178267
6308491
6201008
6318897
6232828
6391555
6256390
6402185
6260686
6237701
6340891
6250712
6336454
6247745
6416468
6302605
6423148
6306879
6405985
6345063
6433452
6347032
6323525
6414846
6335850
6427644
6355486
6518264
6376550
6533230
6400479
6374911
6432103
6418807
6417729
6401409
6503837
6407182
6513182
6422653
6523729
6440078
6506553
6430126
6582683
6461438
6560521
6468247
6550049
6484170
6530673
6491779
6586612
6510072
6645975
6496645
6466390
6545771
6515253
6526385
6628441
6512088
1674463
1031509
915547
856260
824141
799314
