1090983
1143498
1116070
1069463
1116277
1172183
1320026
1287433
1386032
1418456
1516571
1478076
1647231
1634042
1817876
1903106
1875702
1980506
2098734
2187778
2391368
2498011
2567357
2703145
2873672
3067710
3239785
3350418
3519191
3618442
3923985
4069819
4092224
4270912
4456860
4575962
4857310
4925559
5031372
5257535
5340778
5436506
5551625
5716598
5821663
6011909
5887102
5774233
5926490
5782549
5873045
5781392
5954303
5785857
5796214
5855082
5799857
5907042
5814634
5931952
5850515
5976631
5886987
5997851
5917829
6042218
5935261
6051755
5952779
6112018
5987213
6108811
6000278
6157142
6056673
6125638
6076720
6031261
6149674
6085902
6154897
6075473
6211584
6113251
6239429
6134524
6256064
6144031
6321845
6185243
6323566
6191027
6284404
6235295
6263355
6252609
6205160
6319562
6233205
6322794
6242198
6426657
6288537
6415194
6299592
6420182
6308889
6493214
6374442
6504180
6351097
6313956
6388709
6343624
6500673
6359468
6524242
6394862
6444192
6415962
6402235
6453828
6511073
6462419
6417480
6533532
6441614
6536758
6488579
6639294
6488006
6636730
6488508
6439983
6494446
6466720
6519360
6472500
6605863
6498289
6622230
6513108
6633316
6512445
6671971
6560131
6515192
6581823
6543729
6604184
6542146
6653679
6556051
6682292
6569411
6680356
6574321
6660666
6600701
6590977
6622303
6573489
6663677
6593623
6719214
6620416
6790371
6638709
6785699
6642114
6748577
6662041
6743075
6682960
6721455
6648162
6741933
3264047
991589
952714
857982
868446
788094
861652
