898554
769300
895412
782357
869239
810105
869871
809958
853994
818721
842166
839572
845291
872098
854015
891801
870984
904335
842827
949002
814657
953655
835373
924431
876046
903186
901189
863872
928401
865312
925789
845552
955695
835639
935877
858406
900581
894512
872611
931881
824275
960326
836312
940856
865170
932772
888061
901557
919245
893899
933424
858765
975090
850576
956382
886668
924058
927541
882618
979645
838675
987669
867947
945021
918670
914887
960725
852796
990047
863221
963997
907353
942155
945975
885879
981862
877787
974772
901939
960981
930635
911237
965115
890895
971467
894888
970260
919848
932136
948340
904914
966903
893311
976724
910624
938301
947690
909834
972667
908152
984117
951602
923344
998386
900513
992395
942732
960762
1000309
883608
1028534
915256
980861
975784
915785
1029958
926859
985479
982119
920290
1000109
945429
982103
996050
898293
1044478
930364
987074
987474
927667
1043972
952473
987445
1010959
935075
1022405
983094
976566
1049281
914115
1049068
972420
999058
1027146
960373
1033302
1017845
945246
1077757
967794
1027213
1033882
968019
1069821
1007367
997509
1080345
973088
1049911
1042173
985988
1104817
998507
1051922
1070614
991421
1075809
1053431
1009027
1122715
1014825
1056470
1087252
990980
1064145
1061971
999764
1109223
1040470
1023709
1124055
1019304
1077130
1091226
1028812
1100898
1101657
999524
1136485
1065840
1059032
1125090
1088329
1055003
1167527
1066496
1079768
1163942
1063313
1116801
1139192
1086156
1113198
1187568
1067912
1138566
1180622
1089480
1149179
1172737
1123531
1131989
1226898
1124134
1120902
1229116
1141898
1141736
1205239
1188527
1130591
1214658
1229808
1122400
1216099
1250819
1164062
1203981
1246347
1216884
1163563
1258747
1262822
1160067
1238344
1293466
1206278
1212504
1272135
1265023
1215822
1243222
1333984
1253021
1193441
1317473
1310433
1241905
1270538
1318565
1308328
1262175
1273963
1369019
1322268
1243284
1319880
1384271
1307386
1281491
1350261
1371905
1343852
1296608
1361362
1429138
1341183
1288230
1402780
1428107
1354282
1332636
1401695
1424918
1407187
1366007
1377066
1469168
1457289
1386100
1353678
1413523
1488682
1481084
1415701
1396822
1448449
1478842
1486041
1467215
1432117
1433964
1519056
1559155
1488666
1431910
1457455
1558487
1569745
1505404
1481718
1509585
1559749
1578224
1559182
1529311
1508468
1582068
1645706
1602414
1533861
1522142
1614007
1660669
1622759
1578293
1568237
1611825
1647865
1667137
1658938
1649522
1635479
1617296
1614058
1664042
1717512
1753646
1743697
1692371
1661847
1639628
1643877
1675277
1735305
1782943
1798719
1796478
1770294
1744840
1736992
1733830
1732604
1741255
1766298
1797401
1824255
1842243
1855787
1865860
1869749
1868703
1863286
1862539
1866946
1871812
1875516
1877729
1880658
1884149
1888837
1894609
1901522
1908088
1916056
1923988
1931470
1941561
1950245
1961350
1970824
1981182
1991478
2004658
2016321
2029402
2042969
2061583
2080081
2097267
2111531
2132991
2157181
2177218
2189356
2194156
2193452
2175121
2159429
2158145
2169700
2186244
2210849
2258518
2304946
2320587
2309254
2267982
2255257
2250730
2270706
2331614
2413924
2413362
2355376
2328460
2362184
2387444
2420174
2464644
2456895
2411103
2415920
2449501
2535492
2521561
2466881
2455382
2515636
2615596
2536771
2524419
2550319
2596618
2627912
2573309
2575945
2649514
2676591
2617456
2612212
2747864
2699197
2673121
2699585
2769635
2713742
2708537
2808145
2763316
2735569
2808357
2826867
2787399
2815341
2876965
2822614
2837195
2919002
2857922
2892848
2930820
2898918
2941567
2944759
2912659
3035221
2950938
2945725
3049782
3004202
3061773
3026229
3018079
3118299
3054326
3176599
3069168
3103997
3136169
3092920
3202702
3132405
3264886
3159535
3202666
3183513
3193229
3204377
3195666
3249136
3249640
3317120
3253421
3351113
3280540
3402862
3346132
3412242
3340269
3416292
3355024
3406857
3409308
3424759
3425115
3439618
3526039
3473897
3565843
3509063
3587397
3490805
3512152
3539492
3556870
3672677
3585861
3649872
3587012
3594844
3728684
3634807
3665157
3643581
3675448
3818836
3712595
3720242
3726016
3754584
3873142
3751288
3742331
3819859
3820454
3805668
3860180
3860416
3880300
3874122
3892353
3869899
3905461
3925030
3873789
4021439
3942303
3911698
4062607
3920306
3977773
4022405
4062414
4042903
4003894
4158337
4022556
4098998
4059072
4178018
4071589
4136801
4111904
4209508
4111952
4176316
4133734
4272736
4144991
4220004
4163400
4314317
4267926
4227585
4246837
4255525
4396515
4262277
4353176
4326522
4339407
4485876
4350914
4372181
4414645
4369211
4479918
4542446
4431709
4473790
4484652
4432405
4471915
4592659
4545183
4466603
4554182
4531058
4493548
4560123
4660706
4628878
4567267
4648606
4667678
4642000
4621982
4672764
4744598
4791381
4691998
4659242
4684720
4758678
4755303
4732094
4714609
4728120
4765984
4840821
4883692
4883119
4844215
4781916
4779850
4815424
4869304
4867436
4851507
4816602
4808430
4855206
4932607
5008273
5003794
5033402
5080961
5092186
5094451
5043301
5075182
5068954
4994624
5025072
5030738
5006438
5006483
5021145
5053914
5029960
5041043
5095050
5062369
5070504
5131854
5098132
5094576
5190646
5193544
5196299
5253253
5207724
5208277
5251508
5223710
5241320
5256611
5265979
5310458
5272291
5338620
5380732
5339045
5418699
5426529
5438564
5397088
5346948
5362125
5329592
5341950
5321787
5332721
5337611
5376414
5405663
5443867
5513478
5508977
5539916
5561955
5649861
5639071
5597189
5562647
5547968
5545889
5550957
5597049
5596058
5618779
5552097
5621647
5616327
5705368
5640822
5651123
5593279
5603916
5602945
5653076
5679609
5715701
5743914
5796311
5881805
5799648
5766931
5787362
5818021
5799076
5843684
5883018
5842151
5819490
5796406
5849294
5854182
5847935
5935086
5889727
5809170
5817374
5875398
5816258
5841656
5963017
5876019
5864014
5896261
5943995
5948035
6113390
cs1237 init ok 
6043851
6029941
6059080
6031825
6007692
5992539
5976380
6012804
5958721
5944438
5931348
5926356
5923289
5900326
5896444
5876814
5872268
5864574
5865266
5849948
5860392
5848346
5846343
5840201
5919889
5950528
5978476
5967973
5958141
5968705
5924980
5923505
5915913
5917623
5914865
5891418
5886354
5866723
5864680
5858043
5859739
5839250
5846468
5823200
5827119
5811461
5840051
5812852
5836154
5813547
5816289
5797710
5832837
5899966
5959891
5947175
5946904
5938883
5923870
5903441
5907232
5909985
5908571
5884781
5890867
5884056
5865334
5844517
5850897
5838085
5835646
5830623
5821556
5844896
5817924
5821171
5815291
5836732
5902947
5943295
5955278
5949581
5950637
5938530
5910523
5917731
5928472
5960936
5901686
5909116
5880386
5877472
5848236
5859638
5852013
5863149
5831618
5822918
5821886
5824620
5827593
5818391
5828568
5823308
5816975
5813931
5836062
5906205
5955732
6001013
5948409
5952882
5917829
5912009
5905897
5898794
5895463
5879828
5876881
5874806
5857283
5851186
5836727
5837218
5843420
5854318
5831249
5833890
5806376
5829074
5827170
5889179
5907226
5973287
5969681
5978357
5971142
5950459
5941017
5929994
5934404
5935876
5914658
5908094
5894990
5885289
5876155
5849317
5861070
5864619
5900948
5853562
5868152
5851080
5857352
5825685
5854125
5846608
5891297
5846575
5878131
5939941
5985408
5999679
5987479
5989436
5980413
5951023
5950557
5934239
5936138
5915100
5926924
5905120
5907454
5894332
5882926
5914516
5878656
5883100
5872542
5876724
5880600
5870275
5875467
5903874
5973465
6008642
5996478
6013548
6011532
6013889
5974231
5994438
5975162
5962400
5995060
5941792
5930573
5923138
5922166
5916552
5902622
5910096
5917558
5895974
5902817
5904606
5894315
5883036
5894832
5893298
5885690
5902544
5948015
6043094
6026748
6020375
6017796
6004806
5978108
5978475
5981339
5970327
5956228
5963611
5982929
5935854
5937735
5923308
5927675
5896685
5918945
5921516
5928079
5910931
5912696
5907228
5910407
5935236
6000245
6046164
6031403
6047196
6048225
6046262
6007455
6024441
6007112
5995990
6031422
5975809
5962041
5958202
5956286
5948039
5940498
5948283
5956461
5935294
5946130
5960589
5937010
5931064
5932760
5938428
5908265
5948658
6014549
6064990
6078083
6091202
6077347
6066515
6062650
6038243
6048947
6074735
6021091
6025567
6003757
5994768
6006339
5979009
5972531
5965347
5970472
5975159
5962065
5969607
5979634
5985481
6056679
6123385
6106638
6110819
6100359
6084819
6089741
6071679
6062149
6055314
6052751
6029551
6027376
6023251
5987351
6005403
5998655
5999963
5990295
5983463
5988994
5983325
6023536
5981323
5976645
5978049
5978991
5972673
6024061
6081664
6090974
6114587
6102994
6095507
6083699
6045047
6065591
6064685
6048131
6045357
6038068
6019232
6023626
6015300
6001686
6013175
6024783
5991599
6010268
5996826
5990276
6027226
5986259
6010421
6068128
6116653
6135537
6129125
6124743
6144228
6091888
6115834
6091521
6077749
6113241
6058881
6058746
6041912
6037097
6032071
6022898
6017812
6035697
6014920
6007867
6008767
6013509
6012237
6007474
6001683
5999928
6013250
6052405
6115436
6147221
6140801
6149798
6129018
6120223
6119991
6102229
6109878
6089781
6086198
6081793
6057355
6057054
6056025
6022606
6039345
6037868
6040277
6034678
6020984
6034234
6055620
6115073
6161991
6176802
6173780
6181178
6134898
6138217
6144995
6141167
6135374
6100971
6111504
6106524
6089947
6090107
6075172
6066010
6071074
6053377
6050615
6063403
6073348
6076804
6157451
6186848
6200159
6196412
6187658
6159937
6159198
6169680
6145381
6154293
6133242
6132011
6128910
6125170
6113330
6097966
6094495
6094687
6076462
6078056
6076728
6057095
6139995
6190326
6212656
6225281
6217618
6200342
6185461
6187141
6190525
6196787
6173373
6167165
6185287
6143027
6156682
6133206
6126760
6137689
6113290
6117211
6097156
6107327
6172472
6214768
6247582
6252596
6233665
6219960
6213114
6220264
6211201
6209895
6187731
6181503
6179925
6152529
6159437
6141209
6141896
6140959
6144273
6124058
6115115
6107778
6111772
6156310
6220747
6248927
6295820
6254735
6260545
6233053
6230139
6242896
6221916
6220010
6199670
6200191
6163726
6167705
6168955
6157469
6154761
6118790
6134891
6125353
6119874
6126133
6113957
6116977
6113797
6145896
6117565
6122123
6119080
6156551
6260632
6245179
6257917
6242564
6226417
6216233
6194587
6204776
6196828
6173830
6167727
6155881
6154109
6142902
6146943
6131021
6132238
6138776
6122053
6133333
6120970
6128035
6131746
6145123
6124620
6127534
6158219
6221882
6271827
6265128
6284529
6270093
6236386
6216003
6216129
6215865
6196856
6192705
6169688
6162981
6167311
6141731
6156373
6143210
6150077
6151525
6162245
6145904
6139098
6138250
6140845
6158655
6138238
6145704
6164179
6133622
6173321
6208414
6238296
6236586
6233919
6204896
6191730
6194688
6164755
6178061
6163332
6167190
6170295
6170833
6165110
6158417
6158202
6161797
6174543
6156753
6160107
6181913
6151921
6171726
6156293
6156399
6164315
6197899
6246975
6262265
6282482
6272892
6269160
6244839
6242273
6229697
6260877
6206694
6206587
6194144
6197061
6204360
6186999
6201219
6196581
6183426
6177276
6179231
6184356
6176056
6183245
6166923
6171661
6177319
6177482
6179453
6204929
6267180
6287031
6341929
6308828
6313304
6281235
6275138
6234728
6248139
6235581
6225547
6221306
6238304
6214749
6219285
6211382
6210672
6214927
6201012
6216240
6210617
6201193
6190053
6200956
6231601
6281906
6321197
6326401
6334949
6328136
6334681
6294827
6305798
6281100
6276621
6259347
6259202
6241497
6239509
6237121
6270116
6233144
6250255
6231129
6232818
6224401
6233925
6252736
6317392
6352711
6375434
6371448
6364808
6344030
6333406
6326061
6328733
6325717
6306794
6298708
6309630
6276277
6280729
6265266
6266827
6257207
6262571
6258981
6254203
6269614
6345459
6375499
6392661
6402321
6392586
6377346
6371052
6383777
6361132
6366232
6349646
6336768
6298762
6316196
6302794
6295129
6292759
6301077
6278195
6288924
6275311
6277013
6270191
6360136
6400722
6411827
6422333
6395276
6387593
6388619
6380309
6381501
6395601
6362547
6359986
6338137
6338680
6299159
6314876
6305087
6299385
6297827
6316759
6295804
6297564
6283966
6290469
6258736
6279339
6274817
6278564
6315236
6410868
6416030
6428968
6419799
6415194
6401417
6382689
6375556
6374901
6362492
6364361
6340486
6322248
6317943
6318575
6328937
6307317
6302646
6306417
6299132
6323013
6297030
6287878
6292319
6332869
6410087
6430654
6445276
6446876
6436775
6406858
6402012
6399051
6383523
6377259
6371053
6352234
6327442
6331151
6321953
6319093
6321679
6328465
6312413
6314134
6317918
6306582
6299341
6302607
6300881
6297751
6305324
6315574
6314876
6372528
6400608
6407229
6376260
6379680
6352034
6344367
6343840
6324895
6322600
6328860
6317852
6321491
6303625
6316871
6312075
6308422
6311204
6308259
6303647
6316556
6304975
6307992
6292741
6303318
6303515
6310586
6365380
6388491
6419052
6430395
6422631
6406427
6422133
6376802
6372766
6351547
6352349
6346386
6337659
6332498
6337955
6331584
6347585
6327682
6318392
6319717
6327625
6345509
6322123
6324787
6326022
6320211
6337282
6318799
6325419
6380160
6427258
6471802
6442425
6459866
6424109
6404532
6390236
6387809
6389572
6359317
6363421
6357669
6351005
6325890
6348570
6340721
6338197
6340078
6342267
6332494
6346456
6334721
6340046
6351431
6420179
6450159
6457290
6468569
6451660
6430006
6406277
6411782
6400188
6411799
6378063
6358039
6363468
6366197
6400115
6361159
6377288
6356249
6357538
6351447
6358084
6353240
6348882
6348945
6368674
6345672
6360941
6366510
6426792
6459603
6487886
6491173
6481330
6475163
6445165
6442175
6456744
6422116
6418347
6397811
6402858
6417019
6389586
6394225
6385149
6385291
6376362
6382498
6387265
6371140
6378735
6403296
6460678
6468576
6510135
6524387
6503877
6492677
6494924
6464929
6462413
6448327
6439272
6422669
6420147
6418338
6402578
6404717
6403130
6397869
6368689
6392992
6400317
6386947
6389866
6368059
6380619
6371059
6382990
6389654
6452606
6477509
6496360
6496835
6490238
6476809
6456422
6423287
6440467
6436943
6418007
6414835
6389649
6404090
6395613
6407968
6401545
6417105
6396166
6384601
6390489
6391675
6404010
6387136
6395714
6438702
6484692
6514759
6527315
6506440
6512422
6486538
6486262
6475821
6482264
6456156
6435152
6431256
6425420
6437364
6419685
6421701
6417516
6408674
6409061
6411871
6399215
6405340
6415343
6405457
6404963
6443032
6405530
6430200
6490824
6530869
6554387
6543434
6553390
6517834
6499892
6489613
6484937
6453256
6461392
6444169
6447881
6440606
6459728
6437224
6422555
6427200
6426366
6440959
6422871
6433126
6423622
6441242
6501833
6542767
6531482
6560310
6549003
6532856
6519161
6510176
6506363
6506492
6477741
6471062
6463343
6456333
6434232
6450940
6453665
6440751
6448842
6453503
6438610
6428457
6439201
6436798
6438661
6436504
6429938
6436227
6484225
6532383
6547270
6524420
6543383
6528416
6504055
6505994
6521145
6476735
6477588
6461526
6461601
6455334
6463262
6471631
6450682
6458046
6450349
6449554
6426185
6443878
6452403
6440080
6450105
6481835
6537584
6557774
6581476
6586460
6564715
6549880
6539292
6521390
6528159
6501663
6492825
6511140
6478890
6467125
6469691
6474542
6490656
6461924
6488028
6458137
6452674
6452251
6456955
6445367
6448437
6458283
6447247
6460689
6548524
6546479
6553418
6559395
6551480
6536764
6518420
6483612
6501819
6500861
6476689
6481100
6492932
6475541
6466580
6474169
6472149
6464451
6469900
6479186
6458828
6467767
6458062
6460840
6467017
6489973
6543444
6566081
6592539
6601649
6577934
6569884
6541043
6533031
6520448
6514526
6483305
6492201
6483071
6495431
6493181
6495569
6487163
6487761
6479404
6479142
6481253
6477759
6468566
6551923
6605056
6473721
3760198
2509517
1924712
1591841
1419952
1282078
1205123
1167339
1179060
1122231
1050937
1047409
1047991
1031631
1028073
999830
1025520
999561
1056923
1034227
1009805
958471
965246
986996
941870
955509
957919
941270
953465
951141
941918
949727
960148
941937
936583
935431
925719
920917
913465
914484
915687
904137
906296
908120
900099
901152
899295
901139
895589
893107
903769
892473
