882831
795261
867601
822427
860689
809014
878750
806645
1019482
1000476
1012434
1026664
967898
1063785
964268
1026135
1012436
995237
1043477
987522
1031400
1044453
965896
1071389
1000862
1019023
1050578
978378
1070221
1026043
1005657
1075096
987693
1033142
1049136
979678
1085540
1009283
1022012
1067283
976760
1041235
1033806
981059
1078671
957361
1025843
1011860
971832
1041167
985039
1004975
1043336
927081
1050177
986985
999436
1038398
969923
1038626
1035494
959773
1083814
994308
1031831
1059898
985830
1080355
1041544
1007215
1105683
1005297
1062967
1076499
1006785
1122800
1043344
1060207
1117113
1022845
1089242
1097062
1028039
1128090
1093670
1028264
1155763
1071589
1093825
1138674
1080991
1097186
1167332
1042935
1128296
1129367
1048215
1120750
1117961
1051033
1148864
1126054
1044905
1180119
1108063
1105229
1170182
1134079
1091438
1204908
1129293
1095976
1216479
1129162
1142557
1201236
1167244
1119488
1231392
1180386
1107984
1243109
1184155
1144731
1219456
1219903
1164463
1219696
1279565
1167604
1202840
1287645
1199358
1204195
1263525
1250487
1198322
1256302
1322820
1219006
1205686
1321663
1264585
1219531
1288594
1312515
1280314
1233002
1326988
1343902
1246171
1265237
1366172
1306463
1264162
1326699
1357761
1335203
1287322
1329667
1410819
1346850
1270642
1361036
1416004
1345378
1310638
1371143
1399746
1388380
1350285
1336068
1423559
1462024
1389232
1332516
1357420
1453451
1467627
1412472
1379277
1388560
1443436
1462937
1448802
1421210
1387111
1449068
1514956
1480281
1407232
1386915
1479215
1523433
1477243
1430563
1422506
1477975
1497170
1479198
1452884
1418601
1461392
1534492
1532567
1455958
1409845
1487252
1553730
1517895
1455301
1432924
1481687
1495894
1478510
1450778
1404278
1417188
1495088
1503433
1421910
1372242
1420834
1490719
1457033
1388636
1357043
1407362
1423791
1422874
1405345
1363847
1368529
1455319
1494598
1424477
1367187
1394195
1484847
1482936
1418189
1389691
1426773
1467768
1481556
1461393
1427243
1406001
1483837
1549351
1506416
1444324
1432460
1517148
1571657
1562948
1521119
1501659
1495953
1520205
1569181
1586236
1599789
1589524
1584490
1570787
1554293
1547233
1569920
1623776
1667639
1694669
1688770
1651364
1621711
1600521
1590338
1595473
1618684
1662072
1711842
1741801
1754303
1757657
1752927
1736136
1718477
1709558
1708576
1711843
1713652
1715526
1720675
1727612
1737368
1749675
1763242
1779589
1792241
1805570
1820020
1834756
1849143
1861797
1873910
1882850
1890267
1896790
1902447
1907601
1913038
1918430
1922180
1924880
1926752
1924994
1923533
1924246
1926033
1935569
1945789
1957095
1969583
1983838
1998576
2020837
2055576
2092722
2111116
2119716
2114576
2084594
2057677
2054713
2056203
2073530
2112853
2177127
2225913
2213276
2165326
2129764
2156498
2181349
2208101
2239904
2271266
2266632
2228121
2223255
2238570
2281328
2343435
2334584
2276029
2269151
2293232
2390663
2410139
2325772
2335400
2361210
2397588
2437226
2398211
2383280
2400744
2488260
2473346
2421047
2414423
2523101
2535847
2453130
2484764
2522050
2562707
2507072
2510706
2602560
2585243
2542948
2553935
2677729
2562972
2594619
2637842
2667744
2624807
2651661
2727473
2659288
2664539
2775509
2679829
2712428
2781885
2719023
2724496
2816253
2748344
2772005
2826613
2784846
2824396
2833749
2801321
2914121
2829799
2835166
2911054
2877088
2939576
2893923
2893359
2975113
2916708
3047687
2935753
2973046
2988768
2956499
3055248
2986386
3120189
3015287
3062301
3034357
3050983
3048933
3046284
3087002
3094401
3158377
3101525
3200805
3130006
3229435
3173071
3233968
3166168
3234894
3180140
3235899
3228005
3250244
3226403
3233624
3293091
3262073
3335221
3311935
3411267
3312100
3384016
3335915
3336075
3379442
3378027
3500880
3406331
3404104
3429922
3432181
3541076
3461423
3459587
3513223
3497848
3592084
3496301
3486848
3567583
3544051
3627881
3541095
3531130
3633872
3589829
3656882
3587873
3585784
3714383
3630956
3613933
3651757
3677158
3684061
3670482
3696841
3758393
3716880
3766210
3757625
3764492
3788185
3741134
3887717
3816987
3774977
3937210
3791898
3824813
3934527
3840291
3893569
3855544
3943656
3888468
3898249
3980967
3919200
3950519
3916531
4057350
3941502
3996760
3951395
4095591
3984434
4057217
4038823
4120182
4109481
4060184
4110168
4064600
4216035
4112988
4135012
4117820
4150163
4271825
4157929
4211997
4190657
4159801
4313411
4212473
4197395
4257490
4205796
4288463
4390369
4325934
4334382
4357663
4313630
4318632
4449926
4452746
4356851
4403356
4416242
4376662
4369567
4497221
4531746
4469096
4429154
4460365
4476482
4432956
4431165
4479987
4573699
4566863
4561173
4529166
4584742
4592397
4602611
4569814
4563160
4569977
4602278
4680132
4708111
4737891
4688114
4692008
4665937
4654714
4644004
4666271
4717998
4714092
4704269
4670010
4671329
4701267
4729655
4726635
4745965
4772078
4806492
4799748
4821069
4903504
4889731
4893815
4930391
4945337
4949285
4941541
4971526
4975600
4948612
4993199
4997504
4963412
5007484
5016542
4997765
5036694
5022955
5041583
5025406
5002453
5100251
5086790
5071805
5101904
5069712
5074126
5055978
5064624
5078509
5094002
5130278
5127149
5156555
5136154
5171466
5118237
5132980
5130362
5206871
5257563
5239576
5266174
5212847
5243042
5181116
5241639
5266006
5298298
5301901
5350144
5309570
5333716
5324874
5421729
5412692
5422108
5352779
5344702
5325216
5335830
5375424
5397326
5417069
5347324
5389506
5393136
5485778
5408369
5402874
5366353
5376189
5424365
5429434
5442753
5439995
5625727
5666881
5593413
5586290
5554909
5584023
5578139
5576124
5671506
5629177
5544472
5547925
5598685
5532983
5558405
5670364
5575512
5560617
5585493
5620943
5572619
5662950
5688000
5624754
5619932
5656301
5767225
5796184
5876974
5813863
5780901
5792611
5819967
5785781
5895168
5823990
5772225
5804273
5773149
5876804
5886013
5787097
5781731
5828153
5781313
5864468
5832074
5812866
5854506
5884191
5984434
6034567
5988881
5992966
5952992
5939253
5955921
5908266
5911508
5890786
5879774
5861230
5848757
5836913
5819323
5823020
5800653
5799822
5796001
5787743
5776999
5798809
5889072
5924521
5920735
5916896
5902598
5873651
5878110
5852138
5862427
5855953
5849080
5835587
5797100
5810059
5807164
5792528
5793159
5791225
5772103
5774197
5770831
5746812
5754078
5772855
5722937
5736378
5720709
5710346
5781692
5816069
5861017
5865624
5865634
5839695
5820781
5810684
5802807
5814375
5798687
5795048
5791923
5762412
5767009
5766098
5750833
5751632
5743910
5731186
5734697
5719437
5709178
5715723
5725536
5700499
5703903
5705276
5737738
5831715
5865934
5880101
5865682
5864417
5821962
5822631
5826840
5825821
5821457
5781962
5793542
5788395
5769364
5766771
5764717
5745896
5750921
5752942
5726146
5732036
5756082
5707245
5724106
5709133
5704513
5782897
5825922
5872861
5871414
5876549
5856553
5828968
5828629
5828603
5830270
5795805
5808055
5797618
5780470
5778279
5756848
5758558
5752214
5760328
5747026
5742350
5731145
5719939
5757933
5712340
5712095
5745318
5826041
5890193
5883034
5894643
5884938
5848156
5828065
5841365
5847337
5831677
5828412
5801520
5797968
5789669
5778652
5782042
5766784
5765300
5763905
5771106
5747499
5735255
5728256
5729797
5754597
5837050
5887678
5890605
5896559
5881271
5862880
5855252
5897982
5853451
5847553
5835637
5827408
5828686
5801070
5806506
5825513
5781073
5790942
5775228
5762739
5788156
5749915
5745554
5740484
5738100
5729587
5732936
5741827
5813981
5890701
5907126
5912465
5904062
5929812
5873844
5873108
5873430
5873917
5878695
5846987
5849121
5855279
5817194
5812642
5809680
5807559
5795745
5791062
5792554
5773704
5776613
5781026
5755264
5768221
5843705
5877558
5933787
5926505
5920162
5918541
5891150
5895297
5884325
5892841
5867422
5863395
5853181
5844823
5843059
5816879
5828278
5820657
5811090
5812245
5793297
5796362
5791393
5763411
5789312
5835761
5916911
5942558
5948958
5935389
5914424
5906136
5913889
5930740
5907183
5911853
5909280
5877862
5862463
5866769
5867365
5852529
5855968
5844077
5836857
5833677
5806001
5837258
5892447
5949023
5957374
6000316
5950018
5945766
5935848
5945813
5923187
5927401
5916772
5910115
5909524
5903159
5890917
5879809
5876248
5872701
5864558
5856040
5852510
5882272
5835049
5847171
5826058
5814791
5840842
5807330
5834163
5904906
5959141
5965111
5957401
5951588
5930757
5924621
5902947
5924328
5923706
5905281
5901180
5879451
5877820
5875269
5870801
5870441
5860797
5855577
5849550
5880886
5837200
5827427
5823458
5831368
5895761
5965504
5981250
6025563
5978114
5980462
5955253
5956117
5955363
5951233
5942290
5923346
5921212
5880020
5896601
5884997
5886908
5888891
5876952
5867534
5854114
5848404
5846469
5836724
5834384
5833386
5864204
5832724
5882947
5950807
5994349
6028581
6008264
6002746
5973928
5977176
5946074
5969617
5954837
5951488
5940928
5961699
5916277
5908901
5902085
5897985
5907005
5882495
5888821
5901726
5857282
5860168
5877233
5954388
6007272
6021913
6008314
6004942
5984056
6006970
5978481
5992700
5972127
5960569
5951381
5935251
5929125
5909071
5913776
5878984
5891986
5881306
5879155
5878739
5853004
5862002
5856163
5851400
5855954
5846101
5857021
5902283
6019047
6020789
6052411
6029874
6019060
5991881
5990905
5981020
5980783
5978215
5977817
5958623
5949812
5938270
5923403
5961845
5913468
5911493
5899932
5900596
5907594
5882074
5897879
5951876
6010029
6021944
6051489
6045308
6025680
6012932
6018799
6010646
6015667
6011990
5983311
5955578
5961805
5953603
5941092
5942202
5924993
5926722
5919796
5952183
5904056
5917284
5900870
5893289
5915395
5892033
5900058
5895513
5968397
6017480
6058241
6062082
6062322
6051846
6055858
6026197
6027997
6020150
6018590
5995745
5988931
5979404
5972525
5975220
5969336
5959548
5947028
5942020
5938672
5949689
5925617
5934122
5977959
6017664
6079709
6086709
6095796
6075905
6062744
6057353
6054678
6058812
6072137
6032056
6017568
6011753
6010947
5994748
5996062
5981089
5978978
5973027
6007380
5956676
5969909
5948924
5945714
5945552
5942205
5941521
5936703
5993342
6044923
6109918
6110772
6119386
6099769
6099443
6085185
6076557
6077637
6072241
6096123
6052490
6063815
6036190
6027345
6021342
6015033
6003078
5994660
5991959
6000762
5980344
5982755
6003428
6072435
6131370
6132832
6121800
6114993
6097378
6134869
6095949
6111226
6088894
6085816
6063760
6060600
6043024
6040950
6037883
6065203
6019220
6020444
6007850
6008750
5992039
5992099
5976422
5979642
5979139
6019897
5980811
6060555
6120535
6153682
6153581
6155848
6150956
6118216
6131048
6119477
6120167
6104124
6092233
6087127
6069007
6069042
6029938
6047444
6032286
6037505
6026438
6056158
6013670
6013189
5998981
6017831
6096609
6151045
6180504
6170464
6167000
6138548
6134574
6147471
6128631
6136476
6114256
6106865
6092497
6078820
6076821
6062859
6066056
6028635
6042292
6028843
6030885
6020939
6055568
6012266
6020191
6006741
6016923
5983816
6040353
6110124
6175527
6180982
6201050
6177772
6144363
6144032
6143844
6155135
6132294
6102456
6110271
6091610
6085663
6083029
6087123
6064299
6069870
6054448
6055413
6052009
6036341
6036207
6047834
6128201
6162255
6196987
6194945
6200324
6175639
6163971
6164848
6150207
6149745
6139878
6140271
6112289
6084207
6094980
6080961
6077898
6075564
6080418
6053465
6060648
6046343
6051104
6045619
6040475
6040944
6034518
6041199
6045875
6129231
6175378
6197634
6196287
6200888
6159747
6136630
6140401
6136390
6152347
6120668
6098668
6104608
6089385
6086148
6084893
6086844
6065494
6070244
6056407
6062357
6074419
6053025
6055604
6079891
6163089
6185885
6222242
6217770
6220381
6193514
6183952
6182869
6171696
6166894
6159034
6149892
6137358
6107723
6118366
6109124
6101177
6100620
6064294
6079231
6067425
6077557
6107077
6216982
6234637
6235310
6243277
6232144
6226264
6200981
6185974
6200655
6195848
6178589
6168968
6130119
6145021
6129357
6134561
6121754
6142066
6112208
6101888
6094840
6098567
6178218
6220640
6275211
6267395
6259785
6244518
6231670
6227291
6224655
6221813
6213089
6196152
6216399
6176384
6160462
6155545
6150674
6184111
6135484
6142963
6119253
6109173
6103638
6105873
6119390
6099648
6111126
6095775
6101351
6141572
6197349
6259936
6259994
6272624
6287718
6224204
6231486
6210413
6203212
6197218
6192515
6178628
6168602
6162141
6152975
6144852
6178860
6132961
6126730
6116719
6121762
6154899
6116634
6133585
6127500
6201409
6255036
6289047
6302747
6281934
6268387
6241821
6238107
6273532
6228097
6212484
6201754
6192564
6208728
6170636
6163436
6156329
6142817
6138280
6139093
6139947
6129709
6135893
6129291
6131335
6169597
6126094
6129564
6125185
6180594
6279915
6286310
6308663
6294684
6272577
6249399
6242495
6212791
6229468
6213512
6215740
6201282
6188268
6183288
6170120
6163107
6160731
6156496
6147833
6122488
6146795
6141933
6139157
6144664
6161819
6252199
6288298
6311719
6314224
6289959
6272400
6272549
6250669
6257227
6234370
6230048
6246581
6206827
6203310
6184713
6185976
6205156
6168075
6180944
6159317
6162884
6153284
6161078
6169334
6152274
6162471
6151154
6159391
6199418
6273771
6319796
6317723
6330639
6336394
6276955
6276538
6260571
6247200
6243092
6238640
6205383
6210214
6195551
6196112
6184993
6201552
6182001
6168625
6174629
3958435
2655582
2076483
1711206
1544916
1406117
1312235
1234364
1188113
1132529
1164194
1125074
1057755
1050885
1047659
1037568
1036866
1001635
1036805
1004828
1050318
1010464
985993
910518
918508
909484
899740
905496
913277
900637
894621
897744
886206
876262
879075
870380
860841
861151
851271
842579
850883
822695
832554
866085
824663
831028
877639
860567
890576
853479
888213
896944
843155
851221
815933
838963
807549
815298
819249
812417
805274
811852
